 ------- BEAMDYN V1.00.* INDIVIDUAL BLADE INPUT FILE --------------------------
 IEA 15MW Offshore Reference Turbine, with taped chord tip design blade. Generated from HAWC2 6x6.
 ---------------------- BLADE PARAMETERS --------------------------------------
20   station_total    - Number of blade input stations (-)
 1   damp_type        - Damping type: 0: no damping; 1: damped
  ---------------------- DAMPING COEFFICIENT------------------------------------
   mu1        mu2        mu3        mu4        mu5        mu6
   (-)        (-)        (-)        (-)        (-)        (-)
1.0E-02    1.0E-02    1.0E-02    1.0E-02    1.0E-02    1.0E-02
 ---------------------- DISTRIBUTED PROPERTIES---------------------------------
0.000000
6.6483019911599998e+09	3.6113748876800001e+07	0.0000000000000000e+00	0.0000000000000000e+00	0.0000000000000000e+00	-1.2852955859800000e+08
3.6113748876800001e+07	6.5444493758400002e+09	0.0000000000000000e+00	0.0000000000000000e+00	0.0000000000000000e+00	1.5901737544399999e+07
0.0000000000000000e+00	0.0000000000000000e+00	4.5425027079500000e+10	-3.3572124576000000e-03	1.1751051206599999e-02	0.0000000000000000e+00
0.0000000000000000e+00	0.0000000000000000e+00	-3.3572124576000000e-03	1.4462996650900000e+11	-9.7986496985000000e-04	0.0000000000000000e+00
0.0000000000000000e+00	0.0000000000000000e+00	1.1751051206599999e-02	-9.7986496985000000e-04	1.4505670357500000e+11	0.0000000000000000e+00
-1.2852955859800000e+08	1.5901737544399999e+07	0.0000000000000000e+00	0.0000000000000000e+00	0.0000000000000000e+00	8.3999921816100006e+10

3.1765747016000000e+03	0.0000000000000000e+00	0.0000000000000000e+00	0.0000000000000000e+00	0.0000000000000000e+00	-1.4818840020452024e+01
0.0000000000000000e+00	3.1765747016000000e+03	0.0000000000000000e+00	0.0000000000000000e+00	0.0000000000000000e+00	-4.1179929041549646e-01
0.0000000000000000e+00	0.0000000000000000e+00	3.1765747016000000e+03	1.4818840020452024e+01	4.1179929041549646e-01	0.0000000000000000e+00
0.0000000000000000e+00	0.0000000000000000e+00	1.4818840020452024e+01	1.0147384379031204e+04	0.0000000000000000e+00	0.0000000000000000e+00
0.0000000000000000e+00	0.0000000000000000e+00	4.1179929041549646e-01	0.0000000000000000e+00	1.0110642693094936e+04	0.0000000000000000e+00
-1.4818840020452024e+01	-4.1179929041549646e-01	0.0000000000000000e+00	0.0000000000000000e+00	0.0000000000000000e+00	2.0294768758062408e+04

0.030000
5.5682382631400003e+09	3.7859322028999999e+07	0.0000000000000000e+00	0.0000000000000000e+00	0.0000000000000000e+00	-7.1662897851400003e+07
3.7859322028999999e+07	5.5565933137200003e+09	0.0000000000000000e+00	0.0000000000000000e+00	0.0000000000000000e+00	4.0681652968800001e+07
0.0000000000000000e+00	0.0000000000000000e+00	3.8833616307000000e+10	1.2396620097999999e-02	-7.5021289525500001e-03	0.0000000000000000e+00
0.0000000000000000e+00	0.0000000000000000e+00	1.2396620097999999e-02	1.2216788368900000e+11	-3.2144337892500000e-03	0.0000000000000000e+00
0.0000000000000000e+00	0.0000000000000000e+00	-7.5021289525500001e-03	-3.2144337892500000e-03	1.2505566437400000e+11	0.0000000000000000e+00
-7.1662897851400003e+07	4.0681652968800001e+07	0.0000000000000000e+00	0.0000000000000000e+00	0.0000000000000000e+00	7.0765733595399994e+10

2.6933175402600000e+03	0.0000000000000000e+00	0.0000000000000000e+00	0.0000000000000000e+00	0.0000000000000000e+00	-3.7942380158872091e+01
0.0000000000000000e+00	2.6933175402600000e+03	0.0000000000000000e+00	0.0000000000000000e+00	0.0000000000000000e+00	-3.2659493476967122e-01
0.0000000000000000e+00	0.0000000000000000e+00	2.6933175402600000e+03	3.7942380158872091e+01	3.2659493476967122e-01	0.0000000000000000e+00
0.0000000000000000e+00	0.0000000000000000e+00	3.7942380158872091e+01	8.6208992504169764e+03	0.0000000000000000e+00	0.0000000000000000e+00
0.0000000000000000e+00	0.0000000000000000e+00	3.2659493476967122e-01	0.0000000000000000e+00	8.5313098512883207e+03	0.0000000000000000e+00
-3.7942380158872091e+01	-3.2659493476967122e-01	0.0000000000000000e+00	0.0000000000000000e+00	0.0000000000000000e+00	1.7241798500833953e+04

0.050000
4.7981813352700005e+09	1.9432797710400000e+08	0.0000000000000000e+00	0.0000000000000000e+00	0.0000000000000000e+00	-8.0124130429900005e+07
1.9432797710400000e+08	4.8128619038199997e+09	0.0000000000000000e+00	0.0000000000000000e+00	0.0000000000000000e+00	8.1918845514400005e+07
0.0000000000000000e+00	0.0000000000000000e+00	3.4587324155099998e+10	-3.2178857491700001e-03	-6.0583036150400000e-03	0.0000000000000000e+00
0.0000000000000000e+00	0.0000000000000000e+00	-3.2178857491700001e-03	1.0333317822500000e+11	9.6358358859999996e-04	0.0000000000000000e+00
0.0000000000000000e+00	0.0000000000000000e+00	-6.0583036150400000e-03	9.6358358859999996e-04	1.0831801883100000e+11	0.0000000000000000e+00
-8.0124130429900005e+07	8.1918845514400005e+07	0.0000000000000000e+00	0.0000000000000000e+00	0.0000000000000000e+00	5.8823716489699997e+10

2.3484722873999999e+03	0.0000000000000000e+00	0.0000000000000000e+00	0.0000000000000000e+00	0.0000000000000000e+00	-1.1798542570205372e+02
0.0000000000000000e+00	2.3484722873999999e+03	0.0000000000000000e+00	0.0000000000000000e+00	0.0000000000000000e+00	1.2895137477170566e+00
0.0000000000000000e+00	0.0000000000000000e+00	2.3484722873999999e+03	1.1798542570205372e+02	-1.2895137477170566e+00	0.0000000000000000e+00
0.0000000000000000e+00	0.0000000000000000e+00	1.1798542570205372e+02	7.2112086981890179e+03	0.0000000000000000e+00	0.0000000000000000e+00
0.0000000000000000e+00	0.0000000000000000e+00	-1.2895137477170566e+00	0.0000000000000000e+00	7.1892705393473279e+03	0.0000000000000000e+00
-1.1798542570205372e+02	1.2895137477170566e+00	0.0000000000000000e+00	0.0000000000000000e+00	0.0000000000000000e+00	1.4422417396378036e+04

0.100000
3.7424533317900000e+09	4.0701020233800000e+08	0.0000000000000000e+00	0.0000000000000000e+00	0.0000000000000000e+00	-2.2799274856700000e+08
4.0701020233800000e+08	2.5351150356599998e+09	0.0000000000000000e+00	0.0000000000000000e+00	0.0000000000000000e+00	4.7981812978299999e+08
0.0000000000000000e+00	0.0000000000000000e+00	2.6567898189099998e+10	-1.0339940718700001e-03	7.6863430602199998e-04	0.0000000000000000e+00
0.0000000000000000e+00	0.0000000000000000e+00	-1.0339940718700001e-03	5.2196403666599998e+10	-1.5893634408699999e-03	0.0000000000000000e+00
0.0000000000000000e+00	0.0000000000000000e+00	7.6863430602199998e-04	-1.5893634408699999e-03	6.7271707483000000e+10	0.0000000000000000e+00
-2.2799274856700000e+08	4.7981812978299999e+08	0.0000000000000000e+00	0.0000000000000000e+00	0.0000000000000000e+00	2.5429243506900002e+10

1.6176873272200000e+03	0.0000000000000000e+00	0.0000000000000000e+00	0.0000000000000000e+00	0.0000000000000000e+00	-3.1490184055877035e+02
0.0000000000000000e+00	1.6176873272200000e+03	0.0000000000000000e+00	0.0000000000000000e+00	0.0000000000000000e+00	1.8379819709612125e+01
0.0000000000000000e+00	0.0000000000000000e+00	1.6176873272200000e+03	3.1490184055877035e+02	-1.8379819709612125e+01	0.0000000000000000e+00
0.0000000000000000e+00	0.0000000000000000e+00	3.1490184055877035e+02	2.9651814371140986e+03	0.0000000000000000e+00	0.0000000000000000e+00
0.0000000000000000e+00	0.0000000000000000e+00	-1.8379819709612125e+01	0.0000000000000000e+00	4.3705527350469347e+03	0.0000000000000000e+00
-3.1490184055877035e+02	1.8379819709612125e+01	0.0000000000000000e+00	0.0000000000000000e+00	0.0000000000000000e+00	5.9303628742281971e+03

0.150000
2.2232513425599999e+09	4.2891732571799999e+08	0.0000000000000000e+00	0.0000000000000000e+00	0.0000000000000000e+00	-2.1778754167800000e+08
4.2891732571799999e+08	1.0204476379000000e+09	0.0000000000000000e+00	0.0000000000000000e+00	0.0000000000000000e+00	3.7146937004699999e+08
0.0000000000000000e+00	0.0000000000000000e+00	2.1579030248299999e+10	1.5693238454000001e-03	-1.7976241515899999e-03	0.0000000000000000e+00
0.0000000000000000e+00	0.0000000000000000e+00	1.5693238454000001e-03	2.6930165093599998e+10	9.6717942506100005e-04	0.0000000000000000e+00
0.0000000000000000e+00	0.0000000000000000e+00	-1.7976241515899999e-03	9.6717942506100005e-04	4.0010525282500000e+10	0.0000000000000000e+00
-2.1778754167800000e+08	3.7146937004699999e+08	0.0000000000000000e+00	0.0000000000000000e+00	0.0000000000000000e+00	8.0001315052500000e+09

9.5362984657400000e+02	0.0000000000000000e+00	0.0000000000000000e+00	0.0000000000000000e+00	0.0000000000000000e+00	-2.4394345828568120e+02
0.0000000000000000e+00	9.5362984657400000e+02	0.0000000000000000e+00	0.0000000000000000e+00	0.0000000000000000e+00	2.1924785940704570e+01
0.0000000000000000e+00	0.0000000000000000e+00	9.5362984657400000e+02	2.4394345828568120e+02	-2.1924785940704570e+01	0.0000000000000000e+00
0.0000000000000000e+00	0.0000000000000000e+00	2.4394345828568120e+02	1.0775910533672816e+03	0.0000000000000000e+00	0.0000000000000000e+00
0.0000000000000000e+00	0.0000000000000000e+00	-2.1924785940704570e+01	0.0000000000000000e+00	2.4087046067448964e+03	0.0000000000000000e+00
-2.4394345828568120e+02	2.1924785940704570e+01	0.0000000000000000e+00	0.0000000000000000e+00	0.0000000000000000e+00	2.1551821067345631e+03

0.200000
9.1188864547399998e+08	2.4824765815300000e+08	0.0000000000000000e+00	0.0000000000000000e+00	0.0000000000000000e+00	-1.4662342338499999e+08
2.4824765815300000e+08	5.2118794319300002e+08	0.0000000000000000e+00	0.0000000000000000e+00	0.0000000000000000e+00	1.2508735555700000e+08
0.0000000000000000e+00	0.0000000000000000e+00	2.0054918203599998e+10	-1.1103182265000001e-03	1.1001097514000001e-03	0.0000000000000000e+00
0.0000000000000000e+00	0.0000000000000000e+00	-1.1103182265000001e-03	1.8795555899799999e+10	3.6405539140100000e-04	0.0000000000000000e+00
0.0000000000000000e+00	0.0000000000000000e+00	1.1001097514000001e-03	3.6405539140100000e-04	2.6272048587599998e+10	0.0000000000000000e+00
-1.4662342338499999e+08	1.2508735555700000e+08	0.0000000000000000e+00	0.0000000000000000e+00	0.0000000000000000e+00	2.4149102956900001e+09

5.8882389643199997e+02	0.0000000000000000e+00	0.0000000000000000e+00	0.0000000000000000e+00	0.0000000000000000e+00	-1.9257882560342509e+02
0.0000000000000000e+00	5.8882389643199997e+02	0.0000000000000000e+00	0.0000000000000000e+00	0.0000000000000000e+00	1.7818892796609962e+01
0.0000000000000000e+00	0.0000000000000000e+00	5.8882389643199997e+02	1.9257882560342509e+02	-1.7818892796609962e+01	0.0000000000000000e+00
0.0000000000000000e+00	0.0000000000000000e+00	1.9257882560342509e+02	6.4745606852547496e+02	0.0000000000000000e+00	0.0000000000000000e+00
0.0000000000000000e+00	0.0000000000000000e+00	-1.7818892796609962e+01	0.0000000000000000e+00	1.2795735900345330e+03	0.0000000000000000e+00
-1.9257882560342509e+02	1.7818892796609962e+01	0.0000000000000000e+00	0.0000000000000000e+00	0.0000000000000000e+00	1.2949121370509499e+03

0.250000
5.3863058591999996e+08	9.0239609408800006e+07	0.0000000000000000e+00	0.0000000000000000e+00	0.0000000000000000e+00	-8.3331750239800006e+07
9.0239609408800006e+07	2.9528464518500000e+08	0.0000000000000000e+00	0.0000000000000000e+00	0.0000000000000000e+00	7.5168704211199999e+07
0.0000000000000000e+00	0.0000000000000000e+00	2.0524366513599998e+10	1.2661294571200000e-03	8.6847475632600003e-04	0.0000000000000000e+00
0.0000000000000000e+00	0.0000000000000000e+00	1.2661294571200000e-03	1.5449529440299999e+10	9.7546167671699999e-04	0.0000000000000000e+00
0.0000000000000000e+00	0.0000000000000000e+00	8.6847475632600003e-04	9.7546167671699999e-04	2.1565265400400002e+10	0.0000000000000000e+00
-8.3331750239800006e+07	7.5168704211199999e+07	0.0000000000000000e+00	0.0000000000000000e+00	0.0000000000000000e+00	1.0530503750000000e+09

4.7720850660799999e+02	0.0000000000000000e+00	0.0000000000000000e+00	0.0000000000000000e+00	0.0000000000000000e+00	-1.7519122035016235e+02
0.0000000000000000e+00	4.7720850660799999e+02	0.0000000000000000e+00	0.0000000000000000e+00	0.0000000000000000e+00	1.3871067665123716e+01
0.0000000000000000e+00	0.0000000000000000e+00	4.7720850660799999e+02	1.7519122035016235e+02	-1.3871067665123716e+01	0.0000000000000000e+00
0.0000000000000000e+00	0.0000000000000000e+00	1.7519122035016235e+02	3.9176829265784045e+02	0.0000000000000000e+00	0.0000000000000000e+00
0.0000000000000000e+00	0.0000000000000000e+00	-1.3871067665123716e+01	0.0000000000000000e+00	1.0496470830901671e+03	0.0000000000000000e+00
-1.7519122035016235e+02	1.3871067665123716e+01	0.0000000000000000e+00	0.0000000000000000e+00	0.0000000000000000e+00	7.8353658531568090e+02

0.300001
3.9085617649000001e+08	2.9496554241400000e+07	0.0000000000000000e+00	0.0000000000000000e+00	0.0000000000000000e+00	-5.3389013591799997e+07
2.9496554241400000e+07	2.1635837038900000e+08	0.0000000000000000e+00	0.0000000000000000e+00	0.0000000000000000e+00	6.0182623090200000e+07
0.0000000000000000e+00	0.0000000000000000e+00	2.1599863593200001e+10	-1.7839940093799999e-03	2.8037717693400001e-04	0.0000000000000000e+00
0.0000000000000000e+00	0.0000000000000000e+00	-1.7839940093799999e-03	1.3435470247600000e+10	-1.1034286581000000e-04	0.0000000000000000e+00
0.0000000000000000e+00	0.0000000000000000e+00	2.8037717693400001e-04	-1.1034286581000000e-04	1.9725840295000000e+10	0.0000000000000000e+00
-5.3389013591799997e+07	6.0182623090200000e+07	0.0000000000000000e+00	0.0000000000000000e+00	0.0000000000000000e+00	6.2610946204299998e+08

4.4167901778499998e+02	0.0000000000000000e+00	0.0000000000000000e+00	0.0000000000000000e+00	0.0000000000000000e+00	-1.5344860255728489e+02
0.0000000000000000e+00	4.4167901778499998e+02	0.0000000000000000e+00	0.0000000000000000e+00	0.0000000000000000e+00	1.1087176592277203e+01
0.0000000000000000e+00	0.0000000000000000e+00	4.4167901778499998e+02	1.5344860255728489e+02	-1.1087176592277203e+01	0.0000000000000000e+00
0.0000000000000000e+00	0.0000000000000000e+00	1.5344860255728489e+02	2.5182305611451602e+02	0.0000000000000000e+00	0.0000000000000000e+00
0.0000000000000000e+00	0.0000000000000000e+00	-1.1087176592277203e+01	0.0000000000000000e+00	9.6196406426334147e+02	0.0000000000000000e+00
-1.5344860255728489e+02	1.1087176592277203e+01	0.0000000000000000e+00	0.0000000000000000e+00	0.0000000000000000e+00	5.0364611222903204e+02

0.400001
3.4803272883200002e+08	1.4038618323700000e+07	0.0000000000000000e+00	0.0000000000000000e+00	0.0000000000000000e+00	-2.9693319341600001e+07
1.4038618323700000e+07	1.5638941833000001e+08	0.0000000000000000e+00	0.0000000000000000e+00	0.0000000000000000e+00	4.4024881935599998e+07
0.0000000000000000e+00	0.0000000000000000e+00	2.2264348877400002e+10	2.4713951827299999e-04	-6.7438086307199997e-04	0.0000000000000000e+00
0.0000000000000000e+00	0.0000000000000000e+00	2.4713951827299999e-04	8.9170473448700008e+09	1.7014704644700000e-04	0.0000000000000000e+00
0.0000000000000000e+00	0.0000000000000000e+00	-6.7438086307199997e-04	1.7014704644700000e-04	1.5230504709000000e+10	0.0000000000000000e+00
-2.9693319341600001e+07	4.4024881935599998e+07	0.0000000000000000e+00	0.0000000000000000e+00	0.0000000000000000e+00	3.6183306513499999e+08

4.0985933287900002e+02	0.0000000000000000e+00	0.0000000000000000e+00	0.0000000000000000e+00	0.0000000000000000e+00	-1.3362236845319927e+02
0.0000000000000000e+00	4.0985933287900002e+02	0.0000000000000000e+00	0.0000000000000000e+00	0.0000000000000000e+00	5.8789812116412259e+00
0.0000000000000000e+00	0.0000000000000000e+00	4.0985933287900002e+02	1.3362236845319927e+02	-5.8789812116412259e+00	0.0000000000000000e+00
0.0000000000000000e+00	0.0000000000000000e+00	1.3362236845319927e+02	1.3098333481453827e+02	0.0000000000000000e+00	0.0000000000000000e+00
0.0000000000000000e+00	0.0000000000000000e+00	-5.8789812116412259e+00	0.0000000000000000e+00	7.2822135122779071e+02	0.0000000000000000e+00
-1.3362236845319927e+02	5.8789812116412259e+00	0.0000000000000000e+00	0.0000000000000000e+00	0.0000000000000000e+00	2.6196666962907653e+02

0.450000
3.4449548433499998e+08	1.4983886693100000e+07	0.0000000000000000e+00	0.0000000000000000e+00	0.0000000000000000e+00	-2.3184755570300002e+07
1.4983886693100000e+07	1.3448900297400001e+08	0.0000000000000000e+00	0.0000000000000000e+00	0.0000000000000000e+00	3.4736344810900003e+07
0.0000000000000000e+00	0.0000000000000000e+00	2.1372455043599998e+10	-3.2816494967800001e-04	5.9639504109899996e-04	0.0000000000000000e+00
0.0000000000000000e+00	0.0000000000000000e+00	-3.2816494967800001e-04	6.9098593822299995e+09	1.0725622996700000e-04	0.0000000000000000e+00
0.0000000000000000e+00	0.0000000000000000e+00	5.9639504109899996e-04	1.0725622996700000e-04	1.1872983113900000e+10	0.0000000000000000e+00
-2.3184755570300002e+07	3.4736344810900003e+07	0.0000000000000000e+00	0.0000000000000000e+00	0.0000000000000000e+00	2.8000605246799999e+08

3.7818195678100000e+02	0.0000000000000000e+00	0.0000000000000000e+00	0.0000000000000000e+00	0.0000000000000000e+00	-1.3821485908856218e+02
0.0000000000000000e+00	3.7818195678100000e+02	0.0000000000000000e+00	0.0000000000000000e+00	0.0000000000000000e+00	4.1938626192261426e+00
0.0000000000000000e+00	0.0000000000000000e+00	3.7818195678100000e+02	1.3821485908856218e+02	-4.1938626192261426e+00	0.0000000000000000e+00
0.0000000000000000e+00	0.0000000000000000e+00	1.3821485908856218e+02	9.7811177962602557e+01	0.0000000000000000e+00	0.0000000000000000e+00
0.0000000000000000e+00	0.0000000000000000e+00	-4.1938626192261426e+00	0.0000000000000000e+00	5.6825602804309415e+02	0.0000000000000000e+00
-1.3821485908856218e+02	4.1938626192261426e+00	0.0000000000000000e+00	0.0000000000000000e+00	0.0000000000000000e+00	1.9562235592520511e+02

0.500000
3.5088604311299998e+08	1.5921741832000000e+07	0.0000000000000000e+00	0.0000000000000000e+00	0.0000000000000000e+00	-1.7935684493500002e+07
1.5921741832000000e+07	1.1352203813400000e+08	0.0000000000000000e+00	0.0000000000000000e+00	0.0000000000000000e+00	2.6568636673099998e+07
0.0000000000000000e+00	0.0000000000000000e+00	2.0167396260099998e+10	-1.9612896081600001e-04	1.7437335497099999e-04	0.0000000000000000e+00
0.0000000000000000e+00	0.0000000000000000e+00	-1.9612896081600001e-04	5.1256090419499998e+09	-1.4002664829599999e-04	0.0000000000000000e+00
0.0000000000000000e+00	0.0000000000000000e+00	1.7437335497099999e-04	-1.4002664829599999e-04	8.6224717791499996e+09	0.0000000000000000e+00
-1.7935684493500002e+07	2.6568636673099998e+07	0.0000000000000000e+00	0.0000000000000000e+00	0.0000000000000000e+00	2.1046662942100000e+08

3.4270428164999998e+02	0.0000000000000000e+00	0.0000000000000000e+00	0.0000000000000000e+00	0.0000000000000000e+00	-1.4119489915346094e+02
0.0000000000000000e+00	3.4270428164999998e+02	0.0000000000000000e+00	0.0000000000000000e+00	0.0000000000000000e+00	4.3872663225259636e+00
0.0000000000000000e+00	0.0000000000000000e+00	3.4270428164999998e+02	1.4119489915346094e+02	-4.3872663225259636e+00	0.0000000000000000e+00
0.0000000000000000e+00	0.0000000000000000e+00	1.4119489915346094e+02	7.0402899288611934e+01	0.0000000000000000e+00	0.0000000000000000e+00
0.0000000000000000e+00	0.0000000000000000e+00	-4.3872663225259636e+00	0.0000000000000000e+00	4.1578399715371364e+02	0.0000000000000000e+00
-1.4119489915346094e+02	4.3872663225259636e+00	0.0000000000000000e+00	0.0000000000000000e+00	0.0000000000000000e+00	1.4080579857722387e+02

0.550000
3.6679628853799999e+08	1.4300890303800000e+07	0.0000000000000000e+00	0.0000000000000000e+00	0.0000000000000000e+00	-1.4165395202600000e+07
1.4300890303800000e+07	9.4984200796399996e+07	0.0000000000000000e+00	0.0000000000000000e+00	0.0000000000000000e+00	2.0780162427400000e+07
0.0000000000000000e+00	0.0000000000000000e+00	1.9041769533799999e+10	-9.7392026721799998e-04	-3.6238027861000002e-04	0.0000000000000000e+00
0.0000000000000000e+00	0.0000000000000000e+00	-9.7392026721799998e-04	3.7809126853699999e+09	2.2847525542600000e-04	0.0000000000000000e+00
0.0000000000000000e+00	0.0000000000000000e+00	-3.6238027861000002e-04	2.2847525542600000e-04	6.2434849790400000e+09	0.0000000000000000e+00
-1.4165395202600000e+07	2.0780162427400000e+07	0.0000000000000000e+00	0.0000000000000000e+00	0.0000000000000000e+00	1.5833991457699999e+08

3.1149903584800001e+02	0.0000000000000000e+00	0.0000000000000000e+00	0.0000000000000000e+00	0.0000000000000000e+00	-1.3852523243939513e+02
0.0000000000000000e+00	3.1149903584800001e+02	0.0000000000000000e+00	0.0000000000000000e+00	0.0000000000000000e+00	5.1233345911607433e+00
0.0000000000000000e+00	0.0000000000000000e+00	3.1149903584800001e+02	1.3852523243939513e+02	-5.1233345911607433e+00	0.0000000000000000e+00
0.0000000000000000e+00	0.0000000000000000e+00	1.3852523243939513e+02	5.0572508445539789e+01	0.0000000000000000e+00	0.0000000000000000e+00
0.0000000000000000e+00	0.0000000000000000e+00	-5.1233345911607433e+00	0.0000000000000000e+00	3.0100497484110718e+02	0.0000000000000000e+00
-1.3852523243939513e+02	5.1233345911607433e+00	0.0000000000000000e+00	0.0000000000000000e+00	0.0000000000000000e+00	1.0114501689107958e+02

0.600000
4.0865776733499998e+08	1.1338528951600000e+07	0.0000000000000000e+00	0.0000000000000000e+00	0.0000000000000000e+00	-1.1224823598800000e+07
1.1338528951600000e+07	7.8352654801899999e+07	0.0000000000000000e+00	0.0000000000000000e+00	0.0000000000000000e+00	1.6461494870800000e+07
0.0000000000000000e+00	0.0000000000000000e+00	1.7844710284900002e+10	2.3915593285699999e-04	2.7300061084200000e-04	0.0000000000000000e+00
0.0000000000000000e+00	0.0000000000000000e+00	2.3915593285699999e-04	2.7681368310000000e+09	-2.0793093426600001e-04	0.0000000000000000e+00
0.0000000000000000e+00	0.0000000000000000e+00	2.7300061084200000e-04	-2.0793093426600001e-04	4.2805933637399998e+09	0.0000000000000000e+00
-1.1224823598800000e+07	1.6461494870800000e+07	0.0000000000000000e+00	0.0000000000000000e+00	0.0000000000000000e+00	1.1858350487199999e+08

2.8107067049699998e+02	0.0000000000000000e+00	0.0000000000000000e+00	0.0000000000000000e+00	0.0000000000000000e+00	-1.3384848018870699e+02
0.0000000000000000e+00	2.8107067049699998e+02	0.0000000000000000e+00	0.0000000000000000e+00	0.0000000000000000e+00	6.0205120035500315e+00
0.0000000000000000e+00	0.0000000000000000e+00	2.8107067049699998e+02	1.3384848018870699e+02	-6.0205120035500315e+00	0.0000000000000000e+00
0.0000000000000000e+00	0.0000000000000000e+00	1.3384848018870699e+02	3.6346891246672605e+01	0.0000000000000000e+00	0.0000000000000000e+00
0.0000000000000000e+00	0.0000000000000000e+00	-6.0205120035500315e+00	0.0000000000000000e+00	2.0599273316522005e+02	0.0000000000000000e+00
-1.3384848018870699e+02	6.0205120035500315e+00	0.0000000000000000e+00	0.0000000000000000e+00	0.0000000000000000e+00	7.2693782493345211e+01

0.650000
4.9004963003299999e+08	-1.6145358107900000e+06	0.0000000000000000e+00	0.0000000000000000e+00	0.0000000000000000e+00	-8.3583214371900000e+06
-1.6145358107900000e+06	6.4329331000100002e+07	0.0000000000000000e+00	0.0000000000000000e+00	0.0000000000000000e+00	1.3033098098800000e+07
0.0000000000000000e+00	0.0000000000000000e+00	1.6465421980100000e+10	-2.2015477191100001e-04	-3.0569968777600003e-05	0.0000000000000000e+00
0.0000000000000000e+00	0.0000000000000000e+00	-2.2015477191100001e-04	1.9935967149800000e+09	5.9574855185900003e-05	0.0000000000000000e+00
0.0000000000000000e+00	0.0000000000000000e+00	-3.0569968777600003e-05	5.9574855185900003e-05	2.8626447082399998e+09	0.0000000000000000e+00
-8.3583214371900000e+06	1.3033098098800000e+07	0.0000000000000000e+00	0.0000000000000000e+00	0.0000000000000000e+00	8.8716810592700005e+07

2.5117923105899999e+02	0.0000000000000000e+00	0.0000000000000000e+00	0.0000000000000000e+00	0.0000000000000000e+00	-1.2380151757683953e+02
0.0000000000000000e+00	2.5117923105899999e+02	0.0000000000000000e+00	0.0000000000000000e+00	0.0000000000000000e+00	6.8125148336170751e+00
0.0000000000000000e+00	0.0000000000000000e+00	2.5117923105899999e+02	1.2380151757683953e+02	-6.8125148336170751e+00	0.0000000000000000e+00
0.0000000000000000e+00	0.0000000000000000e+00	1.2380151757683953e+02	2.5941002146737738e+01	0.0000000000000000e+00	0.0000000000000000e+00
0.0000000000000000e+00	0.0000000000000000e+00	-6.8125148336170751e+00	0.0000000000000000e+00	1.3568552629302786e+02	0.0000000000000000e+00
-1.2380151757683953e+02	6.8125148336170751e+00	0.0000000000000000e+00	0.0000000000000000e+00	0.0000000000000000e+00	5.1882004293475475e+01

0.700000
5.3312376811699998e+08	-2.2946093745700002e+07	0.0000000000000000e+00	0.0000000000000000e+00	0.0000000000000000e+00	-6.6048937693299996e+06
-2.2946093745700002e+07	5.2783717705499999e+07	0.0000000000000000e+00	0.0000000000000000e+00	0.0000000000000000e+00	1.0765761435100000e+07
0.0000000000000000e+00	0.0000000000000000e+00	1.4682875280200001e+10	-1.8014688431300000e-04	-3.0980369253800003e-04	0.0000000000000000e+00
0.0000000000000000e+00	0.0000000000000000e+00	-1.8014688431300000e-04	1.3397963823699999e+09	-6.8481469497799996e-05	0.0000000000000000e+00
0.0000000000000000e+00	0.0000000000000000e+00	-3.0980369253800003e-04	-6.8481469497799996e-05	2.1511274811999998e+09	0.0000000000000000e+00
-6.6048937693299996e+06	1.0765761435100000e+07	0.0000000000000000e+00	0.0000000000000000e+00	0.0000000000000000e+00	6.5077521590800002e+07

2.2146744360000000e+02	0.0000000000000000e+00	0.0000000000000000e+00	0.0000000000000000e+00	0.0000000000000000e+00	-1.0291634458142869e+02
0.0000000000000000e+00	2.2146744360000000e+02	0.0000000000000000e+00	0.0000000000000000e+00	0.0000000000000000e+00	7.5881149059385509e+00
0.0000000000000000e+00	0.0000000000000000e+00	2.2146744360000000e+02	1.0291634458142869e+02	-7.5881149059385509e+00	0.0000000000000000e+00
0.0000000000000000e+00	0.0000000000000000e+00	1.0291634458142869e+02	1.7627776781506938e+01	0.0000000000000000e+00	0.0000000000000000e+00
0.0000000000000000e+00	0.0000000000000000e+00	-7.5881149059385509e+00	0.0000000000000000e+00	9.7064774373560411e+01	0.0000000000000000e+00
-1.0291634458142869e+02	7.5881149059385509e+00	0.0000000000000000e+00	0.0000000000000000e+00	0.0000000000000000e+00	3.5255553563013876e+01

0.800000
3.9878508125000000e+08	-1.5352305518900000e+07	0.0000000000000000e+00	0.0000000000000000e+00	0.0000000000000000e+00	-4.1299705525099998e+06
-1.5352305518900000e+07	3.6310439280199997e+07	0.0000000000000000e+00	0.0000000000000000e+00	0.0000000000000000e+00	8.3396869949399997e+06
0.0000000000000000e+00	0.0000000000000000e+00	7.5250611802200003e+09	4.9345445512300001e-05	-1.3130644679500001e-04	0.0000000000000000e+00
0.0000000000000000e+00	0.0000000000000000e+00	4.9345445512300001e-05	4.6831521536600000e+08	-2.3003776732399998e-06	0.0000000000000000e+00
0.0000000000000000e+00	0.0000000000000000e+00	-1.3130644679500001e-04	-2.3003776732399998e-06	1.1348265663199999e+09	0.0000000000000000e+00
-4.1299705525099998e+06	8.3396869949399997e+06	0.0000000000000000e+00	0.0000000000000000e+00	0.0000000000000000e+00	3.9116393099100001e+07

1.3071874989899999e+02	0.0000000000000000e+00	0.0000000000000000e+00	0.0000000000000000e+00	0.0000000000000000e+00	-4.3496222959469897e+01
0.0000000000000000e+00	1.3071874989899999e+02	0.0000000000000000e+00	0.0000000000000000e+00	0.0000000000000000e+00	4.7882953676620774e+00
0.0000000000000000e+00	0.0000000000000000e+00	1.3071874989899999e+02	4.3496222959469897e+01	-4.7882953676620774e+00	0.0000000000000000e+00
0.0000000000000000e+00	0.0000000000000000e+00	4.3496222959469897e+01	6.7613683680449608e+00	0.0000000000000000e+00	0.0000000000000000e+00
0.0000000000000000e+00	0.0000000000000000e+00	-4.7882953676620774e+00	0.0000000000000000e+00	5.2180855135176841e+01	0.0000000000000000e+00
-4.3496222959469897e+01	4.7882953676620774e+00	0.0000000000000000e+00	0.0000000000000000e+00	0.0000000000000000e+00	1.3522736736089922e+01

0.850000
2.6887535990100002e+08	-1.0168545855500000e+07	0.0000000000000000e+00	0.0000000000000000e+00	0.0000000000000000e+00	-2.0808323407000001e+06
-1.0168545855500000e+07	2.6844296138000000e+07	0.0000000000000000e+00	0.0000000000000000e+00	0.0000000000000000e+00	4.8572498190799998e+06
0.0000000000000000e+00	0.0000000000000000e+00	4.5600306776800003e+09	-1.0112850283500000e-04	3.7177160280799998e-05	0.0000000000000000e+00
0.0000000000000000e+00	0.0000000000000000e+00	-1.0112850283500000e-04	2.4309760443399999e+08	-1.0561237104400000e-05	0.0000000000000000e+00
0.0000000000000000e+00	0.0000000000000000e+00	3.7177160280799998e-05	-1.0561237104400000e-05	5.9765598690699995e+08	0.0000000000000000e+00
-2.0808323407000001e+06	4.8572498190799998e+06	0.0000000000000000e+00	0.0000000000000000e+00	0.0000000000000000e+00	2.3282458785200000e+07

8.3163608232399994e+01	0.0000000000000000e+00	0.0000000000000000e+00	0.0000000000000000e+00	0.0000000000000000e+00	-2.1904387067475117e+01
0.0000000000000000e+00	8.3163608232399994e+01	0.0000000000000000e+00	0.0000000000000000e+00	0.0000000000000000e+00	2.8609277162725801e+00
0.0000000000000000e+00	0.0000000000000000e+00	8.3163608232399994e+01	2.1904387067475117e+01	-2.8609277162725801e+00	0.0000000000000000e+00
0.0000000000000000e+00	0.0000000000000000e+00	2.1904387067475117e+01	3.5988740036228206e+00	0.0000000000000000e+00	0.0000000000000000e+00
0.0000000000000000e+00	0.0000000000000000e+00	-2.8609277162725801e+00	0.0000000000000000e+00	2.8778846866772792e+01	0.0000000000000000e+00
-2.1904387067475117e+01	2.8609277162725801e+00	0.0000000000000000e+00	0.0000000000000000e+00	0.0000000000000000e+00	7.1977480072456412e+00

0.900000
1.6793933883899999e+08	-4.4614479461500002e+06	0.0000000000000000e+00	0.0000000000000000e+00	0.0000000000000000e+00	-1.0153096748900000e+06
-4.4614479461500002e+06	1.9276539848800000e+07	0.0000000000000000e+00	0.0000000000000000e+00	0.0000000000000000e+00	2.8407743620199999e+06
0.0000000000000000e+00	0.0000000000000000e+00	2.6389555293000002e+09	1.2377442677600001e-04	2.6102773206199999e-04	0.0000000000000000e+00
0.0000000000000000e+00	0.0000000000000000e+00	1.2377442677600001e-04	1.1313806781500000e+08	-2.3393477022200001e-05	0.0000000000000000e+00
0.0000000000000000e+00	0.0000000000000000e+00	2.6102773206199999e-04	-2.3393477022200001e-05	3.1638040330699998e+08	0.0000000000000000e+00
-1.0153096748900000e+06	2.8407743620199999e+06	0.0000000000000000e+00	0.0000000000000000e+00	0.0000000000000000e+00	1.3274872075700000e+07

5.1325212244500001e+01	0.0000000000000000e+00	0.0000000000000000e+00	0.0000000000000000e+00	0.0000000000000000e+00	-1.0638856018304955e+01
0.0000000000000000e+00	5.1325212244500001e+01	0.0000000000000000e+00	0.0000000000000000e+00	0.0000000000000000e+00	1.6005190504208513e+00
0.0000000000000000e+00	0.0000000000000000e+00	5.1325212244500001e+01	1.0638856018304955e+01	-1.6005190504208513e+00	0.0000000000000000e+00
0.0000000000000000e+00	0.0000000000000000e+00	1.0638856018304955e+01	1.7307833417575749e+00	0.0000000000000000e+00	0.0000000000000000e+00
0.0000000000000000e+00	0.0000000000000000e+00	-1.6005190504208513e+00	0.0000000000000000e+00	1.5306611205472770e+01	0.0000000000000000e+00
-1.0638856018304955e+01	1.6005190504208513e+00	0.0000000000000000e+00	0.0000000000000000e+00	0.0000000000000000e+00	3.4615666835151497e+00

0.950000
9.8229691848199993e+07	-8.9204181249899999e+05	0.0000000000000000e+00	0.0000000000000000e+00	0.0000000000000000e+00	-6.4958228767800005e+05
-8.9204181249899999e+05	1.3719390330399999e+07	0.0000000000000000e+00	0.0000000000000000e+00	0.0000000000000000e+00	2.1389528288900000e+06
0.0000000000000000e+00	0.0000000000000000e+00	1.1630246449200001e+09	-8.5196561493399995e-05	-2.6124099018800001e-05	0.0000000000000000e+00
0.0000000000000000e+00	0.0000000000000000e+00	-8.5196561493399995e-05	3.7376410190200001e+07	-3.4261119168400002e-06	0.0000000000000000e+00
0.0000000000000000e+00	0.0000000000000000e+00	-2.6124099018800001e-05	-3.4261119168400002e-06	1.5686048725000000e+08	0.0000000000000000e+00
-6.4958228767800005e+05	2.1389528288900000e+06	0.0000000000000000e+00	0.0000000000000000e+00	0.0000000000000000e+00	7.7538264932899997e+06

3.1782478216800001e+01	0.0000000000000000e+00	0.0000000000000000e+00	0.0000000000000000e+00	0.0000000000000000e+00	-3.6727305473796825e+00
0.0000000000000000e+00	3.1782478216800001e+01	0.0000000000000000e+00	0.0000000000000000e+00	0.0000000000000000e+00	8.8680593497262905e-01
0.0000000000000000e+00	0.0000000000000000e+00	3.1782478216800001e+01	3.6727305473796825e+00	-8.8680593497262905e-01	0.0000000000000000e+00
0.0000000000000000e+00	0.0000000000000000e+00	3.6727305473796825e+00	7.3940716639779858e-01	0.0000000000000000e+00	0.0000000000000000e+00
0.0000000000000000e+00	0.0000000000000000e+00	-8.8680593497262905e-01	0.0000000000000000e+00	9.2795438454899219e+00	0.0000000000000000e+00
-3.6727305473796825e+00	8.8680593497262905e-01	0.0000000000000000e+00	0.0000000000000000e+00	0.0000000000000000e+00	1.4788143327955972e+00

1.000000
1.7073605490600001e+07	-4.0329797741700000e+04	0.0000000000000000e+00	0.0000000000000000e+00	0.0000000000000000e+00	-3.8184510346700001e+04
-4.0329797741700000e+04	9.8687154766799998e+05	0.0000000000000000e+00	0.0000000000000000e+00	0.0000000000000000e+00	1.2083239504600001e+05
0.0000000000000000e+00	0.0000000000000000e+00	1.2830136119599999e+08	-2.4850538371500002e-07	1.6787901994000001e-07	0.0000000000000000e+00
0.0000000000000000e+00	0.0000000000000000e+00	-2.4850538371500002e-07	2.0085937589900001e+05	-4.7704473704600000e-09	0.0000000000000000e+00
0.0000000000000000e+00	0.0000000000000000e+00	1.6787901994000001e-07	-4.7704473704600000e-09	1.9103506290000000e+06	0.0000000000000000e+00
-3.8184510346700001e+04	1.2083239504600001e+05	0.0000000000000000e+00	0.0000000000000000e+00	0.0000000000000000e+00	8.4152651346300001e+04

5.6348074300300004e+00	0.0000000000000000e+00	0.0000000000000000e+00	0.0000000000000000e+00	0.0000000000000000e+00	-3.9012339092938497e-02
0.0000000000000000e+00	5.6348074300300004e+00	0.0000000000000000e+00	0.0000000000000000e+00	0.0000000000000000e+00	3.9120112567884405e-02
0.0000000000000000e+00	0.0000000000000000e+00	5.6348074300300004e+00	3.9012339092938497e-02	-3.9120112567884405e-02	0.0000000000000000e+00
0.0000000000000000e+00	0.0000000000000000e+00	3.9012339092938497e-02	7.1399509510744925e-03	0.0000000000000000e+00	0.0000000000000000e+00
0.0000000000000000e+00	0.0000000000000000e+00	-3.9120112567884405e-02	0.0000000000000000e+00	1.2175816271768804e-01	0.0000000000000000e+00
-3.9012339092938497e-02	3.9120112567884405e-02	0.0000000000000000e+00	0.0000000000000000e+00	0.0000000000000000e+00	1.4279901902148985e-02

